4.93857063806547
4.93857063807736
4.90510439358822
6.3060234304158
6.21460809843191
6.65319845696293
6.65319845696238
6.65319845695993
6.66268559733664
6.86461810650219
6.88755257165908
6.92702933523913
7.06475902779005
7.11436286165558
7.11436286165558
7.11436286165567
7.1147694483625
7.11476944837012
7.11476944836894
7.15109353758411
7.15609863131972
7.16549347505744
7.17011954344861
7.17011954344679
7.17011954344652
7.18409830676359
7.18409830676432
7.18409830676477
7.22256601882041
7.21081845347237
7.21081845347255
7.21081845347164
7.25049355718405
7.25559127425378
7.26283895753113
7.25841215059515
7.29573507286914
7.28961052154049
7.28961052149466
7.29709100515549
7.31588350451068
7.32974968904237
7.41577697528478
7.41577697543642
7.41577697542589
7.41155628781247
7.41155628773071
7.41155628777199
7.3883278595764
7.42057890541021
7.41878088275198
7.42093812232013
7.42093812232203
7.42093812232194
7.42654907239555
7.43177349653355
7.4317734965351
7.43177349653464
7.45007956977662
7.45007956980793
7.45007956980811
7.44132038971512
7.44132038971965
7.44132038971866
7.4518222365198
7.50218648660898
7.50218648659682
7.50218648659918
7.52510074612618
7.51860721681358
7.54697411756517
7.59337419308734
7.59337419310449
7.57250298501846
7.59839932932397
7.59839932932424
7.59839932932424
7.60638738977296
7.60986220091318
7.73935920268772
7.76004068087884
6.20188145718725
6.20188145719134
6.20981864728282
6.20981864730378
6.20981864728626
6.71417052991107
6.71417052991171
6.71417052991125
6.79743805466809
6.79308489399881
6.79308489400198
7.1483457438998
7.14834574389926
7.14834574389944
7.2463680801008
7.24636808010271
7.24636808010334
7.25911612809605
7.25911612809778
7.25911612809633
7.26192709270054
7.26192709270208
7.26192709270253
7.26710663812075
7.26234805671714
7.26234805672004
7.44891610254944
7.44891610254408
7.44891610253837
7.48042830607293
7.48042830607265
7.48042830607392
7.48211892355229
7.48211892355229
7.48211892355257
7.50604217851668
7.50604217851913
7.50604217852076
7.62315306847626
7.62315306847608
7.62315306847708
7.53350652655645
7.53350652655473
7.53092517511076
7.60432160758931
7.60601934592242
7.60601934592124
7.7484600238995
7.79185334303384
7.80820114129606
7.81010934511732
7.8101093451165
7.58494582691841
7.58494582691841
7.65548533731329
7.6554853373131
7.83799230758789
7.8379923075878
7.85131092200365
7.85131092200411
7.90407641076034
7.90407641076034
8.5715544747093
8.5715544747093
8.57161319255808
8.58010226071814
8.58010226071823
8.58010226071778
8.65275502130698
8.65275502130712
8.65278994970418
8.65275502130662
8.65275502130743
8.65278994970399
8.65472656541968
8.65472656542022
8.6551273775054
8.58800201306727
8.67053726030566
8.67246039056081
8.59700202558962
8.00098644869923
8.03815689014131
8.13584784892604
8.16356218143482
8.16774351085523
8.17643940201557
8.19905191147923
8.2123234536727
8.23566017471116
8.24858145205399
8.27343868619773
8.27568198274325
8.30375241556317
8.33009223144864
8.34069464792541
8.36030543587862
8.39412119382536
9.1483266634828
9.1548593777527
9.1961846539713
9.19956048062188
9.20021933237325
9.20152260952508
9.21266367763946
9.22657782806528
9.23332421403524
9.23556553695636
9.23685084345441
9.24524410411756
9.26040593667689
9.26141364604531
9.26666399302926
9.29559103314819
9.30500488883925
