4.93857063141264
4.93857063142344
4.90510438695027
6.30602342413765
6.21460809340004
6.65319845132053
6.65319845132053
6.65319845135565
6.66268559189062
6.86461810239156
6.88755256719872
6.92702933077514
7.06475902493986
7.11436285913434
7.11436285913244
7.11436285913107
7.11436285913434
7.11436285913244
7.11436285913107
7.15109353427013
7.06475902493986
6.30602342413765
4.90510438695027
4.93857063141264
4.93857063142344
7.18409830401858
7.18409830400587
7.18409830400451
6.21460809340004
6.65319845135565
6.65319845132053
6.65319845132053
6.30602342413765
7.25559127224053
7.25559127224053
6.66268559189062
7.11436285913434
6.65319845132053
6.65319845132053
6.86461810239156
6.21460809340004
7.32974968693038
6.65319845135565
6.65319845132053
6.65319845132053
7.11436285913434
7.11436285913244
7.11436285913107
7.38832785553728
6.66268559189062
7.4187808802654
7.42093811788164
7.42093811778509
7.420938117784
6.92702933077514
7.43177349391249
7.43177349387792
7.43177349387656
6.65319845135565
6.65319845132053
6.65319845132053
7.18409830401858
7.18409830400587
7.18409830400451
7.45182223282959
4.90510438695027
4.93857063141264
4.93857063142344
7.52510074414123
7.51860721364025
7.42093811788164
7.42093811778509
7.420938117784
7.15109353427013
7.59839932806888
7.59839932806534
7.59839932806498
7.15109353427013
7.60986219961517
7.15109353427013
7.15109353427013
6.20188145073133
6.20188145650967
6.20981864662791
6.20981864662791
6.20981864084377
6.7141705261411
6.71417052512231
6.71417052613846
6.79743805089548
6.79308488866421
6.7930848902046
7.14834574162511
7.1483457412272
7.14834574162366
7.14834574162511
7.1483457412272
7.14834574162366
6.79743805089548
6.79308488866421
6.7930848902046
6.7141705261411
6.71417052512231
6.71417052613846
7.26710663570486
7.26234805403238
7.26234805429526
6.79743805089548
6.79308488866421
6.7930848902046
7.48042830253081
7.48042830226438
7.4804283024946
7.48211892132797
7.48211892117869
7.48211892130918
7.48042830253081
7.48042830226438
7.4804283024946
7.62315306729894
7.62315306724123
7.62315306729668
7.53350652558676
7.53350652562387
7.53092517417972
7.60432160622197
7.60601934454774
7.60601934455427
7.74846002329932
7.79185334227731
7.80820114069578
7.81010934447349
7.81010934451614
7.58494582563819
7.58494582578075
7.65548533521945
7.65548533545021
7.83799230658825
7.83799230669996
7.85131092123668
7.8513109213237
7.65548533521945
7.65548533545021
8.57155447454333
8.57155447674847
8.57161319459751
8.58010226338076
8.58010226050153
8.58010226338004
8.65275502085199
8.6527550268947
8.65278995529321
8.65275502085199
8.6527550268947
8.65278995529321
8.65472656514182
8.65472656883271
8.65512738091848
8.58800201486673
8.67053726440844
8.67246039335338
8.59700202785814
8.00098644790594
8.03815688940728
8.13584784872078
8.16356218128536
8.16356218128536
8.17643940138045
8.00098644790594
8.03815688940728
8.03815688940728
8.24858145151951
8.16356218128536
8.17643940138045
8.03815688940728
8.16356218128536
8.03815688940728
8.16356218128536
8.03815688940728
9.14832667060765
9.15485938399592
9.19618466488816
9.19956048413964
9.19956048413964
9.20152261633363
9.15485938399592
9.2265778336918
9.19618466488816
9.19956048413964
9.20152261633363
9.15485938399592
9.19956048413964
9.20152261633363
9.15485938026024
9.15485938026024
9.15485937668337
