1.99920206913895e-12
1.9996461583488e-12
1.9996461583488e-12
1.9996461583488e-12
1.9996461583488e-12
2.0005343367685e-12
1.9996461583488e-12
1.99920206913895e-12
2.00009024755865e-12
1.9996461583488e-12
1.9996461583488e-12
2.00097842597835e-12
2.0014225151882e-12
2.0014225151882e-12
2.00009024755865e-12
1.9987579799291e-12
1.99920206913895e-12
1.9987579799291e-12
2.00097842597835e-12
1.9996461583488e-12
2.00097842597835e-12
2.0005343367685e-12
2.0005343367685e-12
2.00009024755865e-12
1.9978698015094e-12
2.00009024755865e-12
2.00231069360791e-12
2.00009024755865e-12
1.99920206913895e-12
2.00097842597835e-12
1.99920206913895e-12
1.9987579799291e-12
1.99831389071925e-12
1.9996461583488e-12
1.9987579799291e-12
1.99831389071925e-12
1.99742571229955e-12
1.9969816230897e-12
1.99920206913895e-12
1.99387299862075e-12
2.00097842597835e-12
1.99564935546015e-12
1.9952052662503e-12
2.0005343367685e-12
2.0005343367685e-12
2.0005343367685e-12
1.9987579799291e-12
1.99920206913895e-12
1.9996461583488e-12
2.00097842597835e-12
1.9943170878306e-12
2.00097842597835e-12
1.9996461583488e-12
1.9978698015094e-12
1.99831389071925e-12
2.00186660439805e-12
2.00097842597835e-12
2.0005343367685e-12
2.00097842597835e-12
1.9996461583488e-12
1.9987579799291e-12
1.99920206913895e-12
1.99564935546015e-12
2.0014225151882e-12
1.99920206913895e-12
1.99920206913895e-12
1.9987579799291e-12
1.99476117704045e-12
2.00231069360791e-12
2.00186660439805e-12
2.00497522886701e-12
1.9978698015094e-12
2.00275478281776e-12
1.9969816230897e-12
2.00364296123746e-12
1.9987579799291e-12
1.99387299862075e-12
2.00009024755865e-12
1.9996461583488e-12
2.00497522886701e-12
2.00186660439805e-12
2.00186660439805e-12
1.9987579799291e-12
1.9987579799291e-12
2.00630749649656e-12
2.00364296123746e-12
1.9987579799291e-12
1.99831389071925e-12
1.99831389071925e-12
1.9969816230897e-12
1.99920206913895e-12
1.99831389071925e-12
1.99831389071925e-12
1.9969816230897e-12
2.00186660439805e-12
2.00097842597835e-12
1.99609344467e-12
1.9996461583488e-12
2.00453113965716e-12
2.00009024755865e-12
1.99609344467e-12
1.9969816230897e-12
2.00186660439805e-12
1.99920206913895e-12
1.99920206913895e-12
2.00009024755865e-12
1.99742571229955e-12
1.9987579799291e-12
1.9996461583488e-12
2.0014225151882e-12
2.00408705044731e-12
2.00275478281776e-12
1.99742571229955e-12
2.00497522886701e-12
2.00186660439805e-12
1.99831389071925e-12
2.00231069360791e-12
1.99653753387985e-12
1.99920206913895e-12
1.99209664178135e-12
2.00541931807686e-12
2.0005343367685e-12
2.0014225151882e-12
2.00364296123746e-12
2.0005343367685e-12
2.0005343367685e-12
2.00319887202761e-12
1.99920206913895e-12
2.00719567491626e-12
2.00186660439805e-12
1.9934289094109e-12
1.99387299862075e-12
2.00097842597835e-12
2.00186660439805e-12
1.99831389071925e-12
1.9952052662503e-12
2.00231069360791e-12
2.00097842597835e-12
2.00586340728671e-12
2.00275478281776e-12
2.0014225151882e-12
2.00541931807686e-12
2.00275478281776e-12
2.00231069360791e-12
2.0005343367685e-12
1.99920206913895e-12
2.0005343367685e-12
1.9996461583488e-12
1.99609344467e-12
1.99653753387985e-12
2.00186660439805e-12
1.99920206913895e-12
1.9987579799291e-12
2.00097842597835e-12
1.99920206913895e-12
2.00186660439805e-12
2.0014225151882e-12
1.99831389071925e-12
1.99920206913895e-12
1.99742571229955e-12
1.9978698015094e-12
1.99653753387985e-12
2.0014225151882e-12
1.9996461583488e-12
1.9969816230897e-12
1.99742571229955e-12
2.00541931807686e-12
1.9996461583488e-12
1.9969816230897e-12
1.9969816230897e-12
2.00009024755865e-12
1.9952052662503e-12
1.99609344467e-12
1.99653753387985e-12
1.9943170878306e-12
1.9925407309912e-12
2.00186660439805e-12
1.9978698015094e-12
1.9978698015094e-12
1.99920206913895e-12
2.00009024755865e-12
1.99609344467e-12
1.99831389071925e-12
1.9969816230897e-12
1.9978698015094e-12
1.99564935546015e-12
2.00275478281776e-12
1.99609344467e-12
1.98765574968285e-12
1.99831389071925e-12
1.95124043447515e-12
1.96545128919035e-12
1.99920206913895e-12
2.00009024755865e-12
1.99920206913895e-12
2.0005343367685e-12
