1,	0,	0,	0,	0,	0,	0,	1,	0,	0,	0.5	0,	-1,	0,      #D^{-}
0,	1,	0,	0,	0,	0,	1,	0,	0,	0,	0.5	0,	-1,	0,      #D^{+}
0,	0,	0,	1,	0,	0,	1,	0,	0,	0,	0.5	0,	-1,	0,      #D^{0}
0,	0,	0,	1,	0,	0,	1,	0,	0,	0,	0.5	1,	-1,	0,      #D* (2007)^{0}  
1,	0,	0,	0,	0,	0,	0,	1,	0,	0,	0.5	1,	-1,	0,      #D* (2010)^{-}
0,	1,	0,	0,	0,	0,	1,	0,	0,	0,	0.5	1,	-1,	0,      #D* (2010)^{+}
0,	0,	0,	1,	0,	0,	1,	0,	0,	0,	0.5	0,	1,	0,      #D*_{0} (2300)^{0}
0,	0,	0,	1,	0,	0,	1,	0,	0,	0,	0.5	1,	1,	0,      #D_{1}^{0} (2420)
0,	0,	0,	1,	0,	0,	1,	0,	0,	0,	0.5	2,	1,	0,      #D*_{2}^{0} (2460)
1,	0,	0,	0,	0,	0,	0,	1,	0,	0,	0.5	2,	1,	0,      #D*_2^{-} (2460)
0,	1,	0,	0,	0,	0,	1,	0,	0,	0,	0.5	2,	1,	0,      #D*_2^{+} (2460)
0,	0,	0,	0,	1,	0,	0,	1,	0,	0,	0,	0,	-1,	0,      #D_s^{-} 
0,	0,	0,	0,	0,	1,	1,	0,	0,	0,	0,	0,	-1,	0,      #D_s^{+} 
0,	0,	0,	0,	1,	0,	0,	1,	0,	0,	0,	1,	-1,	0,      #D*_{s1} (2700)^{-}
0,	0,	0,	0,	0,	1,	1,	0,	0,	0,	0,	1,	-1,	0,      #D*_{s1} (2700)^{+}
0,	0,	0,	0,	1,	0,	0,	1,	0,	0,	0,	1,	1,	0,      #D_{s1}^{-} (2460) 
0,	0,	0,	0,	0,	1,	1,	0,	0,	0,	0,	1,	1,	0,      #D_{s1}^{+} (2460) 
0,	0,	0,	0,	1,	0,	0,	1,	0,	0,	0,	2,	1,	0,      #D*_{s2} (2573)
0,	0,	0,	0,	0,	1,	1,	0,	0,	0,	0,	2,	1,	0,  
0,	0,	0,	0,	1,	0,	0,	1,	0,	0,	0,	1,	-1,	1,      
0,	0,	0,	0,	0,	1,	1,	0,	0,	0,	0,	1,	-1,	1,      
0,	0,	1,	0,	0,	0,	0,	0,	0,	1,	0.5	0,	-1,	0,      #B^{+}
0,	0,	0,	1,	0,	0,	0,	0,	1,	0,	0.5	0,	-1,	0,      #B^{-}
0,	1,	0,	0,	0,	0,	0,	0,	1,	0,	0.5	0,	-1,	0,      #B-bar^{0}
0,	1,	0,	0,	0,	0,	0,	0,	1,	0,	0.5	1,	-1,	0,  
0,	0,	1,	0,	0,	0,	0,	0,	0,	1,	0.5	1,	-1,	0,  
0,	0,	0,	1,	0,	0,	0,	0,	1,	0,	0.5	1,	-1,	0,  
0,	0,	1,	0,	0,	0,	0,	0,	0,	1,	0.5	1,	1,	0,  
0,	0,	0,	1,	0,	0,	0,	0,	1,	0,	0.5	1,	1,	0,  
0,	1,	0,	0,	0,	0,	0,	0,	1,	0,	0.5	1,	1,	0,  
0,	0,	1,	0,	0,	0,	0,	0,	0,	1,	0.5	1,	1,	1,  
0,	0,	0,	1,	0,	0,	0,	0,	1,	0,	0.5	1,	1,	1,  
0,	1,	0,	0,	0,	0,	0,	0,	1,	0,	0.5	1,	1,	1,  
0,	0,	1,	0,	0,	0,	0,	0,	0,	1,	0.5	2,	1,	0,      #B*_2 (5747)^{+}
0,	0,	0,	1,	0,	0,	0,	0,	1,	0,	0.5	2,	1,	0,  
0,	1,	0,	0,	0,	0,	0,	0,	1,	0,	0.5	2,	1,	0,      #B*_2 (5747)^0
0,	0,	0,	0,	0,	1,	0,	0,	1,	0,	0,	0,	-1,	0,      #B-bar^0_s 
0,	0,	0,	0,	0,	1,	0,	0,	1,	0,	0,	1,	1,	0,      #B-bar_{s1}^0 (5830) 
0,	0,	0,	0,	0,	1,	0,	0,	1,	0,	0,	2,	1,	0,      #B*-bar_{s2}^0 (5840) 
0,	0,	0,	0,	0,	1,	0,	0,	1,	0,	0,	1,	-1,	0,  
0,	0,	0,	0,	0,	0,	1,	1,	0,	0,	0,	0,	-1,	0,      #eta_c (1S)
0,	0,	0,	0,	0,	0,	1,	1,	0,	0,	0,	1,	-1,	0,      #J/psi (1S)
0,	0,	0,	0,	0,	0,	1,	1,	0,	0,	0,	0,	1,	0,      #chi_{c0} (1P)
0,	0,	0,	0,	0,	0,	1,	1,	0,	0,	0,	1,	1,	0,      #chi_{c1} (1P)
0,	0,	0,	0,	0,	0,	1,	1,	0,	0,	0,	1,	1,	1,      #h_c (1P)
0,	0,	0,	0,	0,	0,	1,	1,	0,	0,	0,	2,	1,	0,      #chi_{c2} (1P)
0,	0,	0,	0,	0,	0,	1,	1,	0,	0,	0,	0,	-1,	1,      #eta_c (2S)
0,	0,	0,	0,	0,	0,	1,	1,	0,	0,	0,	1,	-1,	1,      #psi (2S)
0,	0,	0,	0,	0,	0,	1,	1,	0,	0,	0,	1,	-1,	2,      #psi (3770)
0,	0,	0,	0,	0,	0,	1,	1,	0,	0,	0,	2,	-1,	0,      #psi2 (3823)
0,	0,	0,	0,	0,	0,	1,	1,	0,	0,	0,	1,	1,	2,      #chi_{c1} (3872)
0,	0,	0,	0,	0,	0,	1,	1,	0,	0,	0,	2,	1,	1,      #chi_{c2} (3930)
0,	0,	0,	0,	0,	0,	1,	1,	0,	0,	0,	1,	-1,	3,      #psi (4040)
0,	0,	0,	0,	0,	0,	1,	1,	0,	0,	0,	1,	1,	3,      #chi_{c1} (4140)
0,	0,	0,	0,	0,	0,	1,	1,	0,	0,	0,	1,	-1,	4,      #psi (4160)
0,	0,	0,	0,	0,	0,	1,	1,	0,	0,	0,	1,	1,	4,      #chi_{c1} (4274)
0,	0,	0,	0,	0,	0,	1,	1,	0,	0,	0,	1,	-1,	5,      #psi (4230)
0,	0,	0,	0,	0,	0,	0,	0,	1,	1,	0,	0,	-1,	0,      #eta_b (1S)
0,	0,	0,	0,	0,	0,	0,	0,	1,	1,	0,	1,	-1,	0,      #upsilon (1S)
0,	0,	0,	0,	0,	0,	0,	0,	1,	1,	0,	0,	1,	0,      #chi_{b0} (1P)
0,	0,	0,	0,	0,	0,	0,	0,	1,	1,	0,	1,	1,	0,      #chi_{b1} (1P)
0,	0,	0,	0,	0,	0,	0,	0,	1,	1,	0,	1,	1,	1,      #h_b (1P) 
0,	0,	0,	0,	0,	0,	0,	0,	1,	1,	0,	2,	1,	0,      #chi_{b2} (1P)
0,	0,	0,	0,	0,	0,	0,	0,	1,	1,	0,	1,	-1,	1,      #upsilon (2S)
0,	0,	0,	0,	0,	0,	0,	0,	1,	1,	0,	2,	-1,	0,      #upsilon_2 (1D)
0,	0,	0,	0,	0,	0,	0,	0,	1,	1,	0,	0,	1,	1,      #chi_{b0} (2P)
0,	0,	0,	0,	0,	0,	0,	0,	1,	1,	0,	1,	1,	2,      #chi_{b1} (2P)
0,	0,	0,	0,	0,	0,	0,	0,	1,	1,	0,	2,	1,	1,      #chi_{b2} (2P)
0,	0,	0,	0,	0,	0,	0,	0,	1,	1,	0,	1,	-1,	2,      #upsilon (3S)
0,	0,	0,	0,	0,	0,	0,	0,	1,	1,	0,	1,	1,	3,      #chi_{b1} (3P)
0,	0,	0,	0,	0,	0,	0,	0,	1,	1,	0,	2,	1,	2,       #chi_{b2} (3P)
0,	0,	0,	0,	0,	0,	0,	0,	1,	1,	0,	1,	-1,	3,      #upsilon (4S)
0,	0,	0,	0,	0,	0,	0,	0,	1,	1,	0,	1,	-1,	4,      #upsilon (10860)
0,	0,	0,	0,	0,	0,	0,	0,	1,	1,	0,	1,	-1,	5,      #upsilon (11020)
    