1    0    0    1    0    0    0    0    0    0    1     0     -1     0                   #pi^{-} 
0    1    1    0    0    0    0    0    0    0    1     0     -1     0                   #pi^{+} 
1    1    0    0    0    0    0    0    0    0    1     0     -1     0                   #pi^{0} 
0    0    1    1    0    0    0    0    0    0    0     0     -1     0                   #eta 
0    0    1    1    0    0    0    0    0    0    0     0      1     0                   #f0 (500)
1    0    0    1    0    0    0    0    0    0    1     1     -1     0                   #rho^{-} 
0    1    1    0    0    0    0    0    0    0    1     1     -1     0                   #rho^{+}  
1    1    0    0    0    0    0    0    0    0    1     1     -1     0                   #rho^{0} (770) 
0    0    1    1    0    0    0    0    0    0    0     1     -1     0                   #omega (782) 
0    0    0    0    1    1    0    0    0    0    0     0     -1     0                   #eta-prime (958) 
0    1    1    0    0    0    0    0    0    0    1     0      1     0                   #a0 (980)
0    0    0    0    1    1    0    0    0    0    0     1     -1     0                   #phi (1020) 
0    0    1    1    0    0    0    0    0    0    0     1      1     0                   #h1 (1170) 
1    1    0    0    0    0    0    0    0    0    1     1      1     0                   #b1 (1235)  
1    0    0    1    0    0    0    0    0    0    1     1      1     0                   #a1 (1260)
0    1    1    0    0    0    0    0    0    0    1     1      1     0                         
1    1    0    0    0    0    0    0    0    0    1     1      1     1                         
1    0    0    1    0    0    0    0    0    0    1     1      1     1                   #a1 (1640)
0    1    1    0    0    0    0    0    0    0    1     1      1     1                    
0    0    1    1    0    0    0    0    0    0    0     2      1     0                   #f_2 (1270)
0    0    1    1    0    0    0    0    0    0    0     1      1     1                   #h_1 (1415)
0    0    1    1    0    0    0    0    0    0    0     0     -1     1                   #eta (1295)
1    1    0    0    0    0    0    0    0    0    1     0     -1     1                   #pi (1300)
1    0    0    1    0    0    0    0    0    0    1     0     -1     1                         
0    1    1    0    0    0    0    0    0    0    1     0     -1     1                         
1    1    0    0    0    0    0    0    0    0    1     2      1     0                   #a2 (1320)
1    0    0    1    0    0    0    0    0    0    1     2      1     0                     
0    1    1    0    0    0    0    0    0    0    1     2      1     0                     
0    0    1    1    0    0    0    0    0    0    0     0      1     1                   #f0 (980)
1    1    0    0    0    0    0    0    0    0    1     1     -1     1                   #pi_1 (1400)
1    0    0    1    0    0    0    0    0    0    1     1     -1     1                   #rho (1450)
0    1    1    0    0    0    0    0    0    0    1     1     -1     1                   #pi_1 (1600)
0    0    1    1    0    0    0    0    0    0    0     0     -1     2                   #eta (1405)
0    0    0    0    1    1    0    0    0    0    0     1      1     0                   #f1 (1285)
0    0    0    0    1    1    0    0    0    0    0     1      1     1                   #f1 (1420)
0    0    1    1    0    0    0    0    0    0    0     1     -1     1                   #omega (1420)
1    1    0    0    0    0    0    0    0    0    1     1      1     2                     
1    0    0    1    0    0    0    0    0    0    1     1     -1     2                    
0    1    1    0    0    0    0    0    0    0    1     1     -1     2                    
0    0    0    0    1    1    0    0    0    0    0     0     -1     1                   #eta (1475)
0    0    1    1    0    0    0    0    0    0    0     0      1     2                   #f0 (1370)
0    0    0    0    1    1    0    0    0    0    0     2      1     0                   #f2-prime (1525)
1    1    0    0    0    0    0    0    0    0    1     1     -1     2           
1    0    0    1    0    0    0    0    0    0    1     1     -1     3           
0    1    1    0    0    0    0    0    0    0    1     1     -1     3           
1    1    0    0    0    0    0    0    0    0    1     1      1     3            
1    0    0    1    0    0    0    0    0    0    1     1      1     2            
0    1    1    0    0    0    0    0    0    0    1     1      1     2            
0    0    1    1    0    0    0    0    0    0    0     2     -1     0                   #eta_2 (1645)
0    0    1    1    0    0    0    0    0    0    0     1     -1     2                   #omega (1650)
0    0    1    1    0    0    0    0    0    0    0     3     -1     0                   #omega_3 (1670)
1    1    0    0    0    0    0    0    0    0    1     2     -1     0                   #pi_2 (1670)
1    0    0    1    0    0    0    0    0    0    1     2     -1     0                   
0    1    1    0    0    0    0    0    0    0    1     2     -1     0                   
0    0    0    0    1    1    0    0    0    0    0     1     -1     1                   #phi (1680)
1    1    0    0    0    0    0    0    0    0    1     3     -1     0                   #rho_3 (1690)
1    0    0    1    0    0    0    0    0    0    1     3     -1     0                   
0    1    1    0    0    0    0    0    0    0    1     3     -1     0                   
1    1    0    0    0    0    0    0    0    0    1     1     -1     3                   #rho (1700) 
1    0    0    1    0    0    0    0    0    0    1     1     -1     4           
0    1    1    0    0    0    0    0    0    0    1     1     -1     4           
1    1    0    0    0    0    0    0    0    0    1     2      1     1                   #a2 (1700)
1    0    0    1    0    0    0    0    0    0    1     2      1     1                          
0    1    1    0    0    0    0    0    0    0    1     2      1     1                          
0    0    0    0    1    1    0    0    0    0    0     0      1     0                   #f0 (1500)
1    1    0    0    0    0    0    0    0    0    1     0     -1     2                   #pi (1800)
1    0    0    1    0    0    0    0    0    0    1     0     -1     2           
0    1    1    0    0    0    0    0    0    0    1     0     -1     2           
0    0    0    0    1    1    0    0    0    0    0     3     -1     0                   #phi_3 (1850)
0    0    0    0    1    1    0    0    0    0    0     2     -1     0                   #eta_2 (1870)
1    1    0    0    0    0    0    0    0    0    1     2     -1     1                   #pi_2 (1880)
1    0    0    1    0    0    0    0    0    0    1     2     -1     1           
0    1    1    0    0    0    0    0    0    0    1     2     -1     1           
0    0    1    1    0    0    0    0    0    0    0     2      1     1                   #f_2 (1950)
1    1    0    0    0    0    0    0    0    0    1     4      1     0                   #a_4 (1970)
1    0    0    1    0    0    0    0    0    0    1     4      1     0                
0    1    1    0    0    0    0    0    0    0    1     4      1     0                
0    0    1    1    0    0    0    0    0    0    0     2      1     2                   #f2 (2010)
0    0    1    1    0    0    0    0    0    0    0     4      1     0                   #f4 (2050)
0    0    1    1    0    0    0    0    0    0    0     2      1     3                   #f2 (2300)
0    0    1    1    0    0    0    0    0    0    0     2      1     4                   #f2 (2340)
0    0    1    0    0    1    0    0    0    0    0.5   0     -1     0                   #K^{+} 
0    0    0    1    1    0    0    0    0    0    0.5   0     -1     0                   #K^{-}
0    1    0    0    1    0    0    0    0    0    0.5   0     -1     0                   #K0_S 
0    1    0    0    1    0    0    0    0    0    0.5   0     -1     1                   #K0_L 
1    0    0    0    0    1    0    0    0    0    0.5   0     -1     0                   #K^{0}
0    1    0    0    1    0    0    0    0    0    0.5   0      1     0                   #K*0 (700)
0    0    1    0    0    1    0    0    0    0    0.5   0      1     0                   
0    0    0    1    1    0    0    0    0    0    0.5   0      1     0                   
0    1    0    0    1    0    0    0    0    0    0.5   1     -1     0                   #K* (892)
0    0    1    0    0    1    0    0    0    0    0.5   1     -1     0                  
0    0    0    1    1    0    0    0    0    0    0.5   1     -1     0                  
0    1    0    0    1    0    0    0    0    0    0.5   1      1     0                   #K1 (1270)
0    0    1    0    0    1    0    0    0    0    0.5   1      1     0                   
0    0    0    1    1    0    0    0    0    0    0.5   1      1     0                   
0    1    0    0    1    0    0    0    0    0    0.5   1      1     1                   #K1 (1400)
0    0    1    0    0    1    0    0    0    0    0.5   1      1     1                   
0    0    0    1    1    0    0    0    0    0    0.5   1      1     1                   
0    1    0    0    1    0    0    0    0    0    0.5   1     -1     1                   #K* (1410)
0    0    1    0    0    1    0    0    0    0    0.5   1     -1     1                  
0    0    0    1    1    0    0    0    0    0    0.5   1     -1     1                  
0    1    0    0    1    0    0    0    0    0    0.5   0      1     1                   #K*0 (1430)
0    0    1    0    0    1    0    0    0    0    0.5   0      1     1                   
0    0    0    1    1    0    0    0    0    0    0.5   0      1     1                   
0    1    0    0    1    0    0    0    0    0    0.5   2      1     0                   #K*2 (1430)
0    0    1    0    0    1    0    0    0    0    0.5   2      1     0                   
0    0    0    1    1    0    0    0    0    0    0.5   2      1     0                   
0    1    0    0    1    0    0    0    0    0    0.5   1     -1     2                   #K* (1680)
0    0    1    0    0    1    0    0    0    0    0.5   1     -1     2                   
0    0    0    1    1    0    0    0    0    0    0.5   1     -1     2                   
0    1    0    0    1    0    0    0    0    0    0.5   2     -1     0                   #K2 (1770)
0    0    1    0    0    1    0    0    0    0    0.5   2     -1     0                   
0    0    0    1    1    0    0    0    0    0    0.5   2     -1     0                   
0    1    0    0    1    0    0    0    0    0    0.5   3     -1     0                   #K*3 (1780)
0    0    1    0    0    1    0    0    0    0    0.5   3     -1     0                   
0    0    0    1    1    0    0    0    0    0    0.5   3     -1     0                   
0    1    0    0    1    0    0    0    0    0    0.5   2     -1     1                   #K2 (1820)
0    0    1    0    0    1    0    0    0    0    0.5   2     -1     1                   
0    0    0    1    1    0    0    0    0    0    0.5   2     -1     1                   
0    1    0    0    1    0    0    0    0    0    0.5   4      1     0                   #K*4 (2045)
0    0    1    0    0    1    0    0    0    0    0.5   4      1     0       
0    0    0    1    1    0    0    0    0    0    0.5   4      1     0
