particle   u u-bar d d-bar s s-bar c c-bar b b-bar I J P m(MeV)
pi^{+}     1 0 0 1 0 0 0 0 0 0 1   0 -1 139.57039
pi^{-}     0 1 1 0 0 0 0 0 0 0 1   0 -1 139.57039
pi^{0}     1 1 1 1 0 0 0 0 0 0 1   0 -1 134.9768
pi0(1300)   1 1 1 1 0 0 0 0 0 0 1   0 -1 1300
eta        1 1 1 1 1 1 0 0 0 0 0   0 -1 547.862
eta (1295)  1 1 1 1 1 1 0 0 0 0 0   0 -1 1294
eta (1475)  1 1 1 1 1 1 0 0 0 0 0   0 -1 1475
eta-prime  1 1 1 1 1 1 0 0 0 0 0   0 -1 957.78
rho+(770)   1 0 0 1 0 0 0 0 0 0 1   1 -1 775.4
rho-(770)  0 1 1 0 0 0 0 0 0 0 1   1 -1 775.4
rho0(770)  1 1 1 1 0 0 0 0 0 0 1   1 -1 775.49
rho0(1450)  1 1 1 1 0 0 0 0 0 0 1   1 -1 1465
rho0(1700)  1 1 1 1 0 0 0 0 0 0 1   1 -1 1720
omega(782)  1 1 1 1 0 0 0 0 0 0 0   1 -1 782.65
omega(1420) 1 1 1 1 0 0 0 0 0 0 0   1 -1 1410
omega(1650) 1 1 1 1 0 0 0 0 0 0 0   1 -1 1670
phi(1020)  0 0 0 0 1 1 0 0 0 0 0   1 -1 1019.461
phi(1680)  0 0 0 0 1 1 0 0 0 0 0   1 -1 1680
K^{+}      1 0 0 0 0 1 0 0 0 0 0.5 0 -1 493.677
K^{-}      0 1 0 0 1 0 0 0 0 0 0.5 0 -1 493.677
k0         0 0 1 0 0 1 0 0 0 0 0.5 0 -1 497.611
k-bar^{0}  0 0 0 1 1 0 0 0 0 0 0.5 0 -1 497.611
k_0_S      0 0 1 1 1 1 0 0 0 0 0.5 0 -1 497.614
k_0_L      0 0 1 1 1 1 0 0 0 0 0.5 0 -1 497.614
*+(892)    1 0 0 0 0 1 0 0 0 0 0.5 1 -1 891.66
K*-(892)   0 1 0 0 1 0 0 0 0 0 0.5 1 -1 891.66
K*0(892)   0 0 1 0 0 1 0 0 0 0 0.5 1 -1 895.55
bar*0(892) 0 0 0 1 1 0 0 0 0 0 0.5 1 -1 895.55
2(1270)                        0   2 +1 1275.5
a2(1320)                       1   2 +1 1316.9
a2(1700)                       1   2 +1 1705
pi2(1670)                      1   2 -1 1670.6
eta2(1645)                     0   2 -1 1617.0
a2(1700)                       1   2 +1 1705.0
eta2(1870)                     0   2 -1 1842
f_0(500)                       0   0 +1 450 
f_0(980)                       0   0 +1 990
f_0(1500)                      0   0 +1 1506
a_0(980)                       1   0 +1 980
h1 (1170)                      0   1 +1 1166
b1 (1235)                      1   1 +1 1166
a1 (1260)                      1   1 +1 1230
a1 (1640)                      1   1 +1 1655
f2 (1270)                      0   2 +1 1275.5
f1 (1285)                      0   1 +1 1281.9
eta(1405)                      0   0 -1 1408.8
h1(1415)                       0   1 +1 1416
f1(1420)                       0   1 +1 1426.3
a_0(1450)                      1   0 +1 1474
f2-prime(1525)                 0   2 +1 1517.4
omega3(1670)                   0   3 -1 1667
phi(1680)
