0.	1.	1.	0.	0.	0.	0.	0.	1.	1.	0.	1.	1.	0.   #Z_b (10610)
0.	1.	1.	0.	0.	0.	0.	0.	1.	1.	0.	1.	1.	1.   #Z_b (10650)
0.	1.	1.	0.	0.	0.	1.	1.	0.	0.	0.	1.	1.	0.   #Z_c (3900)^+ 
0.	1.	1.	0.	0.	0.	1.	1.	0.	0.	0.	1.	1.	1.   #Z_c (3900)^+ 
0.	1.	1.	0.	0.	0.	1.	1.	0.	0.	0.	1.	1.	2.   #Z_c (3900)^+ 
0.	1.	1.	0.	0.	0.	1.	1.	0.	0.	0.	1.	1.	3.   #Z_c (3900)^+
0.	0.	1.	1.	0.	0.	1.	1.	0.	0.	0.	1.	1.	0.   #X (3872) 
0.	0.	0.	0.	1.	1.	1.	1.	0.	0.	0.	1.	-1.	0.   #Y (4260)
0.	0.	0.	0.	1.	1.	1.	1.	0.	0.	0.	1.	-1.	1.   #Y (4360)
0.	0.	0.	0.	1.	1.	1.	1.	0.	0.	0.	1.	-1.	2.   #Y (4660)
0.	0.	0.	0.	0.	1.	1.	0.	0.	0.	0.	0.	1.	0.   #D*_{s0} (2317)+
1.	0.	2.	0.	0.	0.	1.	1.	0.	0.	0.5.	0.5.	1.	0.   #P_c (4312)+
1.	0.	2.	0.	0.	0.	1.	1.	0.	0.	0.5.	0.5.	-1.	0.   #P_c (4440)+
1.	0.	2.	0.	0.	0.	1.	1.	0.	0.	0.5.	1.5.	-1.	0.   #P_c (4457)+
