?
0.000000000000747968132840909
2.50080530737082
3291.0597845
460.610186773968
8.20917880892991
8894756174.32432
4.45038510412441
2261896759106.53
4602880817482.52
2158071989836.07
9679587601470.59
4912029529104.48
2.26969640310345
4.01593628370958
1489.16732330317
5876.89247232143
?
?
?
?
421.930741602564
9539.3037231884
582.488457433628
116911537637655
116911537637655
116911537637655
116911537637655
35791841049483.4
35967866497267.8
39390302627169.4
14891673233031.7
17008060901808.8
14498060724669.6
11547578191228.1
7479681328409.09
9103899818810.51
9972908437878.79
3134342651904.76
5485099640833.33
2123264377096.77
8.01719801339829
?
