12
21
11
22
22
12
21
11
22
33
21
33
22
11
12
21
11
12
21
22
22
22
11
12
21
11
12
21
22
11
12
21
22
33
33
22
11
12
21
33
22
33
11
12
21
11
12
21
22
22
22
11
12
21
33
11
12
21
11
12
21
11
12
21
33
11
12
21
33
33
11
12
21
22
11
12
21
22
22
22
22
23
32
31
31
13
31
23
32
31
23
32
31
23
32
31
23
32
31
23
32
31
23
32
31
23
32
31
23
32
31
23
32
31
23
32
31
23
32
31
23
32
14
41
42
42
14
41
42
42
42
14
41
34
43
34
43
34
43
34
43
34
43
25
52
51
51
25
52
25
52
51
25
52
51
25
52
51
53
53
53
53
44
44
44
44
44
44
44
44
44
44
44
44
44
44
44
44
44
55
55
55
55
55
55
55
55
55
55
55
55
55
55
55
55
55