139.57061
139.57061
134.9770
547.862
500
775.26
775.26
775.26
782.65
957.78
980
1019.461
1170
1229.5
1229.5
1229.5
1230
1230
1230
1275.5
1281.9
1294
1300
1300
1300
1318.3
1318.3
1318.3
1370
1354
1354
1354
1408.8
1416
1426.3
1420
1474
1465
1465
1476
1504
1525
1662
1662
1662
1655
1655
1655
1617
1670
1667
1670.6
1670.6
1670.6
1680
1688.8
1688.8
1688.8
1720
1720
1720
1705
1705
1705
1723
1812
1812
1812
1854
1842
1895
1985
1985
1944
1995
1995
1995
2011
2018
2297
2345
493.677
493.677
497.611
497.611
497.611
824
824
824
895.55
891.66
891.66
1272
1272
1272
1403
1403
1403
1421
1421
1421
1425
1425
1425
1432.4
1425.6
1425.6
1718
1718
1718
1773
1773
1773
1776
1776
1776
1819
1819
1819
2045
2045
2045
1869.65
1869.65
1864.83
2006.85
2010.26
2010.26
2318
2420.8
2460.7
2465.4
2465.4
1968.34
1968.34
2112.2
2112.2
2535.11
2535.11
2569.1
2569.1
2708.3
2708.3
5279.33
5279.33
5279.64
5324.65
5324.65
5324.65
5725.9
5725.9
5726.1
5725.9
5725.9
5726.1
5737.2
5737.2
5739.5
5366.88
5828.63
5839.85
5415.4
2983.9
3096.9
3414.71
3510.67
3525.38
3556.17
3637.5
3686.097
3773.13
3822.2
3918.4
3927.2
4039
4146.8
4191
4274
4421
9398.7
9460.30
9859.44
9892.78
9899.3
9912.21
10023.26
10163.7
10232.5
10255.46
10268.65
10355.2
10513.4
10524.0
10579.4
10889.9
10992.9