4.938570638077743
4.938570638077743
4.905104393553379
6.306023430417303
6.214608098422191
6.653198456962184
6.653198456962184
6.653198456962184
6.662685597334232
6.864618106504443
6.887552571664617
6.927029335236704
7.064759027791802
7.1143628616562475
7.1143628616562475
7.1143628616562475
7.114769448366463
7.114769448366463
7.114769448366463
7.1510935375818665
7.156098631318089
7.165493475060845
7.170119543449628
7.170119543449628
7.170119543449628
7.184098306763924
7.184098306763924
7.184098306763924
7.222566018822171
7.21081845347222
7.21081845347222
7.21081845347222
7.250493557181996
7.255591274253665
7.262838957529376
7.258412150595307
7.295735072749282
7.289610521451167
7.289610521451167
7.297091005160418
7.315883504509785
7.329749689041512
7.415776975415394
7.415776975415394
7.415776975415394
7.411556287811163
7.411556287811163
7.411556287811163
7.388327859577107
7.4205789054108005
7.418780882750794
7.420938122321806
7.420938122321806
7.420938122321806
7.426549072397305
7.4317734965341105
7.4317734965341105
7.4317734965341105
7.450079569807499
7.450079569807499
7.450079569807499
7.4413203897176174
7.4413203897176174
7.4413203897176174
7.45182223652793
7.502186486602924
7.502186486602924
7.502186486602924
7.5251007461258
7.518607216815252
7.546974117516527
7.59337419312129
7.59337419312129
7.572502985020384
7.598399329323964
7.598399329323964
7.598399329323964
7.606387389772652
7.609862200913554
7.739359202689098
7.76004068088038
6.2018814571834575
6.2018814571834575
6.209818647289958
6.209818647289958
6.209818647289958
6.714170529909472
6.714170529909472
6.714170529909472
6.797438054671267
6.793084893998533
6.793084893998533
7.148345743900068
7.148345743900068
7.148345743900068
7.246368080102461
7.246368080102461
7.246368080102461
7.259116128097101
7.259116128097101
7.259116128097101
7.261927092702751
7.261927092702751
7.261927092702751
7.267106638124278
7.262348056716545
7.262348056716545
7.4489161025442
7.4489161025442
7.4489161025442
7.480428306074208
7.480428306074208
7.480428306074208
7.4821189235521155
7.4821189235521155
7.4821189235521155
7.506042178518122
7.506042178518122
7.506042178518122
7.623153068476902
7.623153068476902
7.623153068476902
7.533506526555532
7.533506526555532
7.530925175108232
7.604321607587738
7.606019345921544
7.606019345921544
7.748460023899697
7.7918533430340915
7.808201141294455
7.810109345117419
7.810109345117419
7.584945826917821
7.584945826917821
7.655485337312374
7.655485337312374
7.837992307588787
7.837992307588787
7.851310922004305
7.851310922004305
7.904076410761781
7.904076410761781
8.571554474709195
8.571554474709195
8.57161319255764
8.580102260717936
8.580102260717936
8.580102260717936
8.652755021307167
8.652755021307167
8.652789949703957
8.652755021307167
8.652755021307167
8.652789949703957
8.654726565420058
8.654726565420058
8.65512737750555
8.588002013067168
8.670537260306057
8.672460390560902
8.597002025589653
8.000986448697766
8.038156890139653
8.135847848926113
8.163562181434916
8.167743510854653
8.176439402015284
8.199051911479748
8.212323453672989
8.235660174711317
8.24858145205488
8.273438686197903
8.275681982743842
8.303752415563412
8.330092231448956
8.340694647925071
8.360305435879093
8.394121193826242
9.148326660821722
9.154859374016667
9.196184650851931
9.199560477129934
9.200219326552112
9.201522609525227
9.212663671025647
9.226577828065844
9.233324208366557
9.235565525668196
9.236850843454533
9.245244087984064
9.260405912982904
9.261413642160184
9.266663993029127
9.295591033148389
9.30500488883959